0.0000
1.5708
3.1414
4.7119
6.2820
7.8517
9.4209
10.9894
12.5571
14.1240
15.6899
17.2547
18.8183
20.3806
21.9416
23.5010
25.0587
26.6148
28.1690
29.7212
31.2715
32.8195
34.3653
35.9087
37.4496
38.9880
40.5236
42.0565
43.5865
45.1134
46.6372
48.1579
49.6752
51.1890
52.6994
54.2061
55.7090
57.2082
58.7033
60.1945
61.6814
63.1642
64.6425
66.1165
67.5858
69.0505
70.5105
71.9656
73.4157
74.8608
76.3007
77.7354
79.1648
80.5886
82.0070
83.4197
84.8266
86.2277
87.6229
89.0121
90.3951
91.7720
93.1425
94.5066
95.8643
97.2153
98.5597
99.8973
101.2281
102.5519
103.8686
105.1783
106.4807
107.7758
109.0636
110.3439
111.6166
112.8816
114.1390
115.3885
116.6301
117.8637
119.0893
120.3067
121.5159
122.7168
123.9093
125.0933
126.2688
127.4356
128.5938
129.7432
130.8837
132.0153
133.1379
134.2514
135.3557
136.4509
137.5367
138.6132
139.6802
140.7378
141.7857
142.8240
143.8526
144.8714
145.8804
146.8795
147.8686
148.8476
149.8166
150.7754
151.7240
152.6623
153.5902
154.5077
155.4148
156.3114
157.1974
158.0727
158.9374
159.7913
160.6345
161.4668
162.2882
163.0986
163.8981
164.6865
165.4638
166.2300
166.9849
167.7287
168.4611
169.1823
169.8920
170.5904
171.2773
171.9527
172.6166
173.2689
173.9096
174.5387
175.1561
175.7617
176.3557
176.9378
177.5081
178.0666
178.6131
179.1478
179.6705
180.1813
180.6801
181.1668
181.6415
182.1042
182.5547
182.9931
183.4194
183.8335
184.2355
184.6252
185.0027
185.3680
185.7211
186.0619
186.3904
186.7066
187.0105
187.3021
187.5813
187.8482
188.1028
188.3450
188.5749
188.7924
188.9975
189.1902
189.3706
189.5386
189.6942
189.8374
189.9682
190.0867
190.1927
190.2864
190.3677
190.4366
190.4932
190.5374
190.5693
190.5889
190.5961
190.5910
190.5735
190.5438
190.5018
190.4476
190.3810
190.3023
190.2113
190.1081
189.9928
189.8652
189.7256
189.5738
189.4099
189.2339
189.0459
188.8458
188.6338
188.4097
188.1738
187.9259
187.6661
187.3944
187.1110
186.8157
186.5086
186.1899
185.8594
185.5173
185.1635
184.7982
184.4213
184.0329
183.6330
183.2217
182.7989
182.3649
181.9195
181.4629
180.9951
180.5160
180.0259
179.5247
179.0124
178.4892
177.9550
177.4099
176.8540
176.2873
175.7099
175.1218
174.5231
173.9138
173.2940
172.6637
172.0230
171.3720
170.7107
170.0391
169.3574
168.6656
167.9638
167.2519
166.5301
165.7985
165.0571
164.3059
163.5451
162.7746
161.9947
161.2052
160.4064
159.5982
158.7808
157.9542
157.1184
156.2736
155.4198
154.5571
153.6856
152.8053
151.9163
151.0187
150.1125
149.1979
148.2749
147.3436
146.4041
145.4564
144.5006
143.5368
142.5651
141.5856
140.5983
139.6033
138.6007
137.5906
136.5731
135.5482
134.5161
133.4767
132.4303
131.3769
130.3165
129.2492
128.1753
127.0946
126.0074
124.9136
123.8134
122.7070
121.5942
120.4754
119.3505
118.2196
117.0828
115.9402
114.7920
113.6381
112.4787
111.3139
110.1438
108.9684
107.7878
106.6022
105.4117
104.2162
103.0160
101.8111
100.6016
99.3877
98.1693
96.9466
95.7196
94.4886
93.2536
92.0146
90.7717
89.5252
88.2750
87.0212
85.7640
84.5035
83.2397
81.9727
80.7026
79.4296
78.1537
76.8751
75.5937
74.3098
73.0234
71.7346
70.4435
69.1503
67.8549
66.5575
65.2583
63.9572
62.6544
61.3500
60.0441
58.7368
57.4281
56.1183
54.8073
53.4953
52.1823
50.8686
49.5541
48.2389
46.9232
45.6071
44.2906
42.9738
41.6570
40.3400
39.0231
37.7063
36.3897
35.0735
33.7576
32.4423
31.1276
29.8136
28.5004
27.1881
25.8768
24.5665
23.2575
21.9496
20.6432
19.3382
18.0348
16.7329
15.4329
14.1346
12.8383
11.5439
10.2517
8.9616
7.6738
6.3884
5.1055
3.8251
2.5473
1.2722
0.0000
-1.2693
-2.5357
-3.7990
-5.0591
-6.3159
-7.5695
-8.8196
-10.0662
-11.3092
-12.5485
-13.7841
-15.0158
-16.2436
-17.4674
-18.6871
-19.9027
-21.1140
-22.3209
-23.5235
-24.7215
-25.9150
-27.1038
-28.2879
-29.4672
-30.6415
-31.8110
-32.9754
-34.1347
-35.2887
-36.4376
-37.5811
-38.7191
-39.8517
-40.9788
-42.1002
-43.2159
-44.3258
-45.4299
-46.5281
-47.6203
-48.7065
-49.7866
-50.8604
-51.9280
-52.9894
-54.0443
-55.0928
-56.1348
-57.1702
-58.1990
-59.2210
-60.2364
-61.2449
-62.2465
-63.2412
-64.2289
-65.2096
-66.1831
-67.1495
-68.1087
-69.0605
-70.0051
-70.9423
-71.8720
-72.7942
-73.7089
-74.6160
-75.5155
-76.4072
-77.2912
-78.1675
-79.0359
-79.8964
-80.7489
-81.5935
-82.4301
-83.2586
-84.0791
-84.8913
-85.6954
-86.4912
-87.2788
-88.0581
-88.8290
-89.5915
-90.3456
-91.0913
-91.8285
-92.5571
-93.2771
-93.9886
-94.6915
-95.3856
-96.0711
-96.7479
-97.4159
-98.0752
-98.7256
-99.3672
-100.0000
-100.6239
-101.2388
-101.8449
-102.4420
-103.0301
-103.6092
-104.1793
-104.7403
-105.2923
-105.8352
-106.3691
-106.8938
-107.4094
-107.9159
-108.4132
-108.9013
-109.3803
-109.8501
-110.3107
-110.7620
-111.2042
-111.6371
-112.0608
-112.4752
-112.8804
-113.2764
-113.6631
-114.0405
-114.4086
-114.7675
-115.1171
-115.4575
-115.7885
-116.1103
-116.4229
-116.7261
-117.0201
-117.3049
-117.5804
-117.8466
-118.1036
-118.3514
-118.5900
-118.8193
-119.0394
-119.2504
-119.4521
-119.6447
-119.8281
-120.0024
-120.1675
-120.3235
-120.4704
-120.6082
-120.7369
-120.8566
-120.9673
-121.0689
-121.1616
-121.2452
-121.3200
-121.3858
-121.4426
-121.4906
-121.5298
-121.5601
-121.5815
-121.5943
-121.5982
-121.5934
-121.5800
-121.5578
-121.5270
-121.4876
-121.4396
-121.3831
-121.3181
-121.2446
-121.1626
-121.0722
-120.9735
-120.8664
-120.7510
-120.6273
-120.4954
-120.3553
-120.2071
-120.0507
-119.8863
-119.7139
-119.5334
-119.3450
-119.1487
-118.9446
-118.7326
-118.5129
-118.2854
-118.0502
-117.8074
-117.5571
-117.2991
-117.0337
-116.7608
-116.4806
-116.1930
-115.8981
-115.5959
-115.2866
-114.9701
-114.6465
-114.3159
-113.9783
-113.6338
-113.2824
-112.9242
-112.5592
-112.1875
-111.8091
-111.4241
-111.0326
-110.6347
-110.2302
-109.8195
-109.4024
-108.9790
-108.5495
-108.1138
-107.6721
-107.2243
-106.7707
-106.3111
-105.8457
-105.3745
-104.8976
-104.4151
-103.9271
-103.4335
-102.9345
-102.4300
-101.9203
-101.4053
-100.8852
-100.3599
-99.8296
-99.2942
-98.7540
-98.2089
-97.6590
-97.1044
-96.5451
-95.9813
-95.4130
-94.8402
-94.2630
-93.6815
-93.0958
-92.5059
-91.9119
-91.3138
-90.7118
-90.1060
-89.4963
-88.8828
-88.2657
-87.6449
-87.0207
-86.3929
-85.7618
-85.1273
-84.4896
-83.8487
-83.2047
-82.5576
-81.9076
-81.2547
-80.5990
-79.9406
-79.2794
-78.6157
-77.9494
-77.2806
-76.6095
-75.9361
-75.2604
-74.5826
-73.9026
-73.2206
-72.5367
-71.8509
-71.1633
-70.4740
-69.7830
-69.0904
-68.3963
-67.7008
-67.0039
-66.3056
-65.6062
-64.9056
-64.2040
-63.5013
-62.7977
-62.0932
-61.3879
-60.6819
-59.9752
-59.2680
-58.5603
-57.8521
-57.1435
-56.4347
-55.7256
-55.0164
-54.3071
-53.5978
-52.8885
-52.1793
-51.4704
-50.7617
-50.0534
-49.3454
-48.6379
-47.9310
-47.2246
-46.5190
-45.8141
-45.1099
-44.4067
-43.7044
-43.0031
-42.3029
-41.6039
-40.9060
-40.2094
-39.5142
-38.8203
-38.1280
-37.4371
-36.7479
-36.0603
-35.3744
-34.6903
-34.0081
-33.3278
-32.6494
-31.9731
-31.2989
-30.6268
-29.9569
-29.2893
-28.6241
-27.9612
-27.3008
-26.6429
-25.9875
-25.3348
-24.6848
-24.0375
-23.3930
-22.7513
-22.1126
-21.4768
-20.8440
-20.2143
-19.5877
-18.9643
-18.3441
-17.7272
-17.1136
-16.5034
-15.8966
-15.2933
-14.6936
-14.0974
-13.5048
-12.9159
-12.3308
-11.7494
-11.1718
-10.5981
-10.0282
-9.4624
-8.9005
-8.3427
-7.7889
-7.2393
-6.6938
-6.1526
-5.6156
-5.0829
-4.5545
-4.0304
-3.5108
-2.9957
-2.4850
-1.9788
-1.4772
-0.9801
-0.4877
-0.0000
0.4831
0.9614
1.4349
1.9037
2.3677
2.8268
3.2810
3.7303
4.1746
4.6140
5.0484
5.4778
5.9021
6.3213
6.7355
7.1445
7.5483
7.9470
8.3405
8.7288
9.1118
9.4896
9.8620
10.2292
10.5911
10.9476
11.2988
11.6446
11.9850
12.3200
12.6496
12.9737
13.2924
13.6057
13.9135
14.2158
14.5126
14.8038
15.0896
15.3699
15.6446
15.9138
16.1774
16.4355
16.6880
16.9350
17.1764
17.4122
17.6425
17.8671
18.0862
18.2997
18.5077
18.7100
18.9068
19.0980
19.2836
19.4636
19.6381
19.8070
19.9703
20.1281
20.2804
20.4270
20.5682
20.7038
20.8339
20.9585
21.0776
21.1912
21.2993
21.4020
21.4992
21.5909
21.6773
21.7582
21.8337
21.9038
21.9686
22.0280
22.0821
22.1308
22.1743
22.2125
22.2454
22.2731
22.2955
22.3128
22.3249
22.3318
22.3336
22.3303
22.3219
22.3085
22.2900
22.2666
22.2381
22.2047
22.1664
22.1232
22.0751
22.0222
21.9644
21.9019
21.8347
21.7627
21.6861
21.6048
21.5189
21.4284
21.3334
21.2338
21.1298
21.0214
20.9085
20.7912
20.6697
20.5438
20.4137
20.2793
20.1408
19.9982
19.8514
19.7006
19.5458
19.3869
19.2242
19.0576
18.8871
18.7128
18.5347
18.3529
18.1675
17.9784
17.7857
17.5895
17.3898
17.1867
16.9801
16.7702
16.5570
16.3405
16.1209
15.8980
15.6721
15.4431
15.2110
14.9760
14.7381
14.4974
14.2538
14.0074
13.7584
13.5066
13.2523
12.9955
12.7361
12.4742
12.2100
11.9435
11.6746
11.4035
11.1303
10.8549
10.5774
10.2979
10.0165
9.7332
9.4480
9.1610
8.8723
8.5818
8.2898
7.9962
7.7011
7.4045
7.1065
6.8072
6.5066
6.2048
5.9018
5.5977
5.2925
4.9864
4.6793
4.3713
4.0625
3.7530
3.4427
3.1318
2.8203
2.5082
2.1957
1.8828
1.5696
1.2560
0.9422
0.6282
0.3141
0.0000
-0.3141
-0.6282
-0.9422
-1.2560
-1.5696
-1.8828
-2.1957
-2.5082
-2.8203
-3.1318
-3.4427
-3.7530
-4.0625
-4.3713
-4.6793
-4.9864
-5.2925
-5.5977
-5.9018
-6.2048
-6.5066
-6.8072
-7.1065
-7.4045
-7.7011
-7.9962
-8.2898
-8.5818
-8.8723
-9.1610
-9.4480
-9.7332
-10.0165
-10.2979
-10.5774
-10.8549
-11.1303
-11.4035
-11.6746
-11.9435
-12.2100
-12.4742
-12.7361
-12.9955
-13.2523
-13.5066
-13.7584
-14.0074
-14.2538
-14.4974
-14.7381
-14.9760
-15.2110
-15.4431
-15.6721
-15.8980
-16.1209
-16.3405
-16.5570
-16.7702
-16.9801
-17.1867
-17.3898
-17.5895
-17.7857
-17.9784
-18.1675
-18.3529
-18.5347
-18.7128
-18.8871
-19.0576
-19.2242
-19.3869
-19.5458
-19.7006
-19.8514
-19.9982
-20.1408
-20.2793
-20.4137
-20.5438
-20.6697
-20.7912
-20.9085
-21.0214
-21.1298
-21.2338
-21.3334
-21.4284
-21.5189
-21.6048
-21.6861
-21.7627
-21.8347
-21.9019
-21.9644
-22.0222
-22.0751
-22.1232
-22.1664
-22.2047
-22.2381
-22.2666
-22.2900
-22.3085
-22.3219
-22.3303
-22.3336
-22.3318
-22.3249
-22.3128
-22.2955
-22.2731
-22.2454
-22.2125
-22.1743
-22.1308
-22.0821
-22.0280
-21.9686
-21.9038
-21.8337
-21.7582
-21.6773
-21.5909
-21.4992
-21.4020
-21.2993
-21.1912
-21.0776
-20.9585
-20.8339
-20.7038
-20.5682
-20.4270
-20.2804
-20.1281
-19.9703
-19.8070
-19.6381
-19.4636
-19.2836
-19.0980
-18.9068
-18.7100
-18.5077
-18.2997
-18.0862
-17.8671
-17.6425
-17.4122
-17.1764
-16.9350
-16.6880
-16.4355
-16.1774
-15.9138
-15.6446
-15.3699
-15.0896
-14.8038
-14.5126
-14.2158
-13.9135
-13.6057
-13.2924
-12.9737
-12.6496
-12.3200
-11.9850
-11.6446
-11.2988
-10.9476
-10.5911
-10.2292
-9.8620
-9.4896
-9.1118
-8.7288
-8.3405
-7.9470
-7.5483
-7.1445
-6.7355
-6.3213
-5.9021
-5.4778
-5.0484
-4.6140
-4.1746
-3.7303
-3.2810
-2.8268
-2.3677
-1.9037
-1.4349
-0.9614
-0.4831
0.0000
0.4877
0.9801
1.4772
1.9788
2.4850
2.9957
3.5108
4.0304
4.5545
5.0829
5.6156
6.1526
6.6938
7.2393
7.7889
8.3427
8.9005
9.4624
10.0282
10.5981
11.1718
11.7494
12.3308
12.9159
13.5048
14.0974
14.6936
15.2933
15.8966
16.5034
17.1136
17.7272
18.3441
18.9643
19.5877
20.2143
20.8440
21.4768
22.1126
22.7513
23.3930
24.0375
24.6848
25.3348
25.9875
26.6429
27.3008
27.9612
28.6241
29.2893
29.9569
30.6268
31.2989
31.9731
32.6494
33.3278
34.0081
34.6903
35.3744
36.0603
36.7479
37.4371
38.1280
38.8203
39.5142
40.2094
40.9060
41.6039
42.3029
43.0031
43.7044
44.4067
45.1099
45.8141
46.5190
47.2246
47.9310
48.6379
49.3454
50.0534
50.7617
51.4704
52.1793
52.8885
53.5978
54.3071
55.0164
55.7256
56.4347
57.1435
57.8521
58.5603
59.2680
59.9752
60.6819
61.3879
62.0932
62.7977
63.5013
64.2040
64.9056
65.6062
66.3056
67.0039
67.7008
68.3963
69.0904
69.7830
70.4740
71.1633
71.8509
72.5367
73.2206
73.9026
74.5826
75.2604
75.9361
76.6095
77.2806
77.9494
78.6157
79.2794
79.9406
80.5990
81.2547
81.9076
82.5576
83.2047
83.8487
84.4896
85.1273
85.7618
86.3929
87.0207
87.6449
88.2657
88.8828
89.4963
90.1060
90.7118
91.3138
91.9119
92.5059
93.0958
93.6815
94.2630
94.8402
95.4130
95.9813
96.5451
97.1044
97.6590
98.2089
98.7540
99.2942
99.8296
100.3599
100.8852
101.4053
101.9203
102.4300
102.9345
103.4335
103.9271
104.4151
104.8976
105.3745
105.8457
106.3111
106.7707
107.2243
107.6721
108.1138
108.5495
108.9790
109.4024
109.8195
110.2302
110.6347
111.0326
111.4241
111.8091
112.1875
112.5592
112.9242
113.2824
113.6338
113.9783
114.3159
114.6465
114.9701
115.2866
115.5959
115.8981
116.1930
116.4806
116.7608
117.0337
117.2991
117.5571
117.8074
118.0502
118.2854
118.5129
118.7326
118.9446
119.1487
119.3450
119.5334
119.7139
119.8863
120.0507
120.2071
120.3553
120.4954
120.6273
120.7510
120.8664
120.9735
121.0722
121.1626
121.2446
121.3181
121.3831
121.4396
121.4876
121.5270
121.5578
121.5800
121.5934
121.5982
121.5943
121.5815
121.5601
121.5298
121.4906
121.4426
121.3858
121.3200
121.2452
121.1616
121.0689
120.9673
120.8566
120.7369
120.6082
120.4704
120.3235
120.1675
120.0024
119.8281
119.6447
119.4521
119.2504
119.0394
118.8193
118.5900
118.3514
118.1036
117.8466
117.5804
117.3049
117.0201
116.7261
116.4229
116.1103
115.7885
115.4575
115.1171
114.7675
114.4086
114.0405
113.6631
113.2764
112.8804
112.4752
112.0608
111.6371
111.2042
110.7620
110.3107
109.8501
109.3803
108.9013
108.4132
107.9159
107.4094
106.8938
106.3691
105.8352
105.2923
104.7403
104.1793
103.6092
103.0301
102.4420
101.8449
101.2388
100.6239
100.0000
99.3672
98.7256
98.0752
97.4159
96.7479
96.0711
95.3856
94.6915
93.9886
93.2771
92.5571
91.8285
91.0913
90.3456
89.5915
88.8290
88.0581
87.2788
86.4912
85.6954
84.8913
84.0791
83.2586
82.4301
81.5935
80.7489
79.8964
79.0359
78.1675
77.2912
76.4072
75.5155
74.6160
73.7089
72.7942
71.8720
70.9423
70.0051
69.0605
68.1087
67.1495
66.1831
65.2096
64.2289
63.2412
62.2465
61.2449
60.2364
59.2210
58.1990
57.1702
56.1348
55.0928
54.0443
52.9894
51.9280
50.8604
49.7866
48.7065
47.6203
46.5281
45.4299
44.3258
43.2159
42.1002
40.9788
39.8517
38.7191
37.5811
36.4376
35.2887
34.1347
32.9754
31.8110
30.6415
29.4672
28.2879
27.1038
25.9150
24.7215
23.5235
22.3209
21.1140
19.9027
18.6871
17.4674
16.2436
15.0158
13.7841
12.5485
11.3092
10.0662
8.8196
7.5695
6.3159
5.0591
3.7990
2.5357
1.2693
0.0000
-1.2722
-2.5473
-3.8251
-5.1055
-6.3884
-7.6738
-8.9616
-10.2517
-11.5439
-12.8383
-14.1346
-15.4329
-16.7329
-18.0348
-19.3382
-20.6432
-21.9496
-23.2575
-24.5665
-25.8768
-27.1881
-28.5004
-29.8136
-31.1276
-32.4423
-33.7576
-35.0735
-36.3897
-37.7063
-39.0231
-40.3400
-41.6570
-42.9738
-44.2906
-45.6071
-46.9232
-48.2389
-49.5541
-50.8686
-52.1823
-53.4953
-54.8073
-56.1183
-57.4281
-58.7368
-60.0441
-61.3500
-62.6544
-63.9572
-65.2583
-66.5575
-67.8549
-69.1503
-70.4435
-71.7346
-73.0234
-74.3098
-75.5937
-76.8751
-78.1537
-79.4296
-80.7026
-81.9727
-83.2397
-84.5035
-85.7640
-87.0212
-88.2750
-89.5252
-90.7717
-92.0146
-93.2536
-94.4886
-95.7196
-96.9466
-98.1693
-99.3877
-100.6016
-101.8111
-103.0160
-104.2162
-105.4117
-106.6022
-107.7878
-108.9684
-110.1438
-111.3139
-112.4787
-113.6381
-114.7920
-115.9402
-117.0828
-118.2196
-119.3505
-120.4754
-121.5942
-122.7070
-123.8134
-124.9136
-126.0074
-127.0946
-128.1753
-129.2492
-130.3165
-131.3769
-132.4303
-133.4767
-134.5161
-135.5482
-136.5731
-137.5906
-138.6007
-139.6033
-140.5983
-141.5856
-142.5651
-143.5368
-144.5006
-145.4564
-146.4041
-147.3436
-148.2749
-149.1979
-150.1125
-151.0187
-151.9163
-152.8053
-153.6856
-154.5571
-155.4198
-156.2736
-157.1184
-157.9542
-158.7808
-159.5982
-160.4064
-161.2052
-161.9947
-162.7746
-163.5451
-164.3059
-165.0571
-165.7985
-166.5301
-167.2519
-167.9638
-168.6656
-169.3574
-170.0391
-170.7107
-171.3720
-172.0230
-172.6637
-173.2940
-173.9138
-174.5231
-175.1218
-175.7099
-176.2873
-176.8540
-177.4099
-177.9550
-178.4892
-179.0124
-179.5247
-180.0259
-180.5160
-180.9951
-181.4629
-181.9195
-182.3649
-182.7989
-183.2217
-183.6330
-184.0329
-184.4213
-184.7982
-185.1635
-185.5173
-185.8594
-186.1899
-186.5086
-186.8157
-187.1110
-187.3944
-187.6661
-187.9259
-188.1738
-188.4097
-188.6338
-188.8458
-189.0459
-189.2339
-189.4099
-189.5738
-189.7256
-189.8652
-189.9928
-190.1081
-190.2113
-190.3023
-190.3810
-190.4476
-190.5018
-190.5438
-190.5735
-190.5910
-190.5961
-190.5889
-190.5693
-190.5374
-190.4932
-190.4366
-190.3677
-190.2864
-190.1927
-190.0867
-189.9682
-189.8374
-189.6942
-189.5386
-189.3706
-189.1902
-188.9975
-188.7924
-188.5749
-188.3450
-188.1028
-187.8482
-187.5813
-187.3021
-187.0105
-186.7066
-186.3904
-186.0619
-185.7211
-185.3680
-185.0027
-184.6252
-184.2355
-183.8335
-183.4194
-182.9931
-182.5547
-182.1042
-181.6415
-181.1668
-180.6801
-180.1813
-179.6705
-179.1478
-178.6131
-178.0666
-177.5081
-176.9378
-176.3557
-175.7617
-175.1561
-174.5387
-173.9096
-173.2689
-172.6166
-171.9527
-171.2773
-170.5904
-169.8920
-169.1823
-168.4611
-167.7287
-166.9849
-166.2300
-165.4638
-164.6865
-163.8981
-163.0986
-162.2882
-161.4668
-160.6345
-159.7913
-158.9374
-158.0727
-157.1974
-156.3114
-155.4148
-154.5077
-153.5902
-152.6623
-151.7240
-150.7754
-149.8166
-148.8476
-147.8686
-146.8795
-145.8804
-144.8714
-143.8526
-142.8240
-141.7857
-140.7378
-139.6802
-138.6132
-137.5367
-136.4509
-135.3557
-134.2514
-133.1379
-132.0153
-130.8837
-129.7432
-128.5938
-127.4356
-126.2688
-125.0933
-123.9093
-122.7168
-121.5159
-120.3067
-119.0893
-117.8637
-116.6301
-115.3885
-114.1390
-112.8816
-111.6166
-110.3439
-109.0636
-107.7758
-106.4807
-105.1783
-103.8686
-102.5519
-101.2281
-99.8973
-98.5597
-97.2153
-95.8643
-94.5066
-93.1425
-91.7720
-90.3951
-89.0121
-87.6229
-86.2277
-84.8266
-83.4197
-82.0070
-80.5886
-79.1648
-77.7354
-76.3007
-74.8608
-73.4157
-71.9656
-70.5105
-69.0505
-67.5858
-66.1165
-64.6425
-63.1642
-61.6814
-60.1945
-58.7033
-57.2082
-55.7090
-54.2061
-52.6994
-51.1890
-49.6752
-48.1579
-46.6372
-45.1134
-43.5865
-42.0565
-40.5236
-38.9880
-37.4496
-35.9087
-34.3653
-32.8195
-31.2715
-29.7212
-28.1690
-26.6148
-25.0587
-23.5010
-21.9416
-20.3806
-18.8183
-17.2547
-15.6899
-14.1240
-12.5571
-10.9894
-9.4209
-7.8517
-6.2820
-4.7119
-3.1414
-1.5708
