200.0000
199.9936
199.9743
199.9423
199.8974
199.8396
199.7691
199.6857
199.5896
199.4806
199.3589
199.2243
199.0770
198.9169
198.7441
198.5586
198.3603
198.1493
197.9256
197.6892
197.4402
197.1785
196.9042
196.6173
196.3179
196.0058
195.6813
195.3442
194.9946
194.6326
194.2581
193.8712
193.4720
193.0604
192.6364
192.2002
191.7517
191.2910
190.8182
190.3331
189.8360
189.3267
188.8054
188.2721
187.7269
187.1697
186.6006
186.0197
185.4270
184.8225
184.2063
183.5784
182.9390
182.2879
181.6253
180.9512
180.2657
179.5688
178.8606
178.1412
177.4104
176.6686
175.9156
175.1515
174.3764
173.5904
172.7935
171.9858
171.1673
170.3381
169.4982
168.6477
167.7868
166.9153
166.0334
165.1412
164.2388
163.3261
162.4033
161.4704
160.5275
159.5747
158.6120
157.6395
156.6573
155.6655
154.6640
153.6531
152.6327
151.6030
150.5640
149.5158
148.4584
147.3920
146.3166
145.2323
144.1392
143.0374
141.9269
140.8078
139.6802
138.5442
137.3999
136.2473
135.0866
133.9178
132.7410
131.5562
130.3637
129.1634
127.9555
126.7400
125.5170
124.2866
123.0490
121.8041
120.5521
119.2931
118.0271
116.7543
115.4748
114.1886
112.8958
111.5966
110.2909
108.9790
107.6609
106.3367
105.0065
103.6704
102.3285
100.9809
99.6276
98.2689
96.9047
95.5352
94.1605
92.7807
91.3958
90.0060
88.6114
87.2120
85.8081
84.3996
82.9867
81.5694
80.1480
78.7224
77.2928
75.8593
74.4220
72.9809
71.5363
70.0882
68.6366
67.1818
65.7237
64.2626
62.7985
61.3315
59.8617
58.3893
56.9143
55.4368
53.9570
52.4749
50.9906
49.5044
48.0161
46.5261
45.0343
43.5409
42.0460
40.5496
39.0520
37.5531
36.0532
34.5523
33.0505
31.5479
30.0446
28.5408
27.0365
25.5318
24.0269
22.5219
21.0168
19.5118
18.0069
16.5023
14.9981
13.4944
11.9913
10.4889
8.9872
7.4865
5.9868
4.4881
2.9907
1.4947
0.0000
-1.4931
-2.9846
-4.4744
-5.9624
-7.4484
-8.9323
-10.4142
-11.8938
-13.3710
-14.8458
-16.3181
-17.7877
-19.2545
-20.7185
-22.1796
-23.6376
-25.0925
-26.5441
-27.9924
-29.4372
-30.8785
-32.3162
-33.7501
-35.1802
-36.6064
-38.0286
-39.4466
-40.8604
-42.2699
-43.6750
-45.0756
-46.4716
-47.8630
-49.2495
-50.6312
-52.0079
-53.3796
-54.7461
-56.1074
-57.4633
-58.8139
-60.1589
-61.4984
-62.8322
-64.1602
-65.4823
-66.7985
-68.1087
-69.4128
-70.7107
-72.0023
-73.2875
-74.5663
-75.8385
-77.1042
-78.3631
-79.6153
-80.8606
-82.0990
-83.3304
-84.5547
-85.7718
-86.9816
-88.1842
-89.3793
-90.5670
-91.7471
-92.9196
-94.0844
-95.2414
-96.3906
-97.5318
-98.6651
-99.7904
-100.9075
-102.0164
-103.1170
-104.2094
-105.2933
-106.3688
-107.4358
-108.4941
-109.5438
-110.5849
-111.6171
-112.6405
-113.6550
-114.6605
-115.6570
-116.6445
-117.6228
-118.5919
-119.5517
-120.5023
-121.4435
-122.3753
-123.2976
-124.2105
-125.1137
-126.0074
-126.8913
-127.7656
-128.6301
-129.4847
-130.3295
-131.1644
-131.9894
-132.8044
-133.6093
-134.4041
-135.1889
-135.9634
-136.7278
-137.4819
-138.2257
-138.9592
-139.6824
-140.3952
-141.0975
-141.7894
-142.4708
-143.1417
-143.8020
-144.4517
-145.0908
-145.7192
-146.3370
-146.9441
-147.5404
-148.1260
-148.7008
-149.2648
-149.8180
-150.3603
-150.8918
-151.4124
-151.9220
-152.4208
-152.9085
-153.3854
-153.8512
-154.3060
-154.7499
-155.1827
-155.6044
-156.0152
-156.4148
-156.8034
-157.1809
-157.5474
-157.9027
-158.2469
-158.5801
-158.9021
-159.2130
-159.5128
-159.8014
-160.0790
-160.3454
-160.6007
-160.8449
-161.0780
-161.2999
-161.5108
-161.7105
-161.8991
-162.0767
-162.2431
-162.3985
-162.5428
-162.6760
-162.7982
-162.9094
-163.0095
-163.0986
-163.1768
-163.2439
-163.3001
-163.3453
-163.3796
-163.4029
-163.4154
-163.4170
-163.4078
-163.3877
-163.3568
-163.3151
-163.2626
-163.1994
-163.1255
-163.0409
-162.9457
-162.8398
-162.7233
-162.5962
-162.4586
-162.3105
-162.1519
-161.9829
-161.8034
-161.6136
-161.4134
-161.2029
-160.9821
-160.7511
-160.5099
-160.2585
-159.9971
-159.7255
-159.4439
-159.1523
-158.8508
-158.5393
-158.2180
-157.8868
-157.5459
-157.1953
-156.8349
-156.4649
-156.0854
-155.6963
-155.2977
-154.8896
-154.4722
-154.0455
-153.6094
-153.1641
-152.7097
-152.2461
-151.7734
-151.2917
-150.8011
-150.3016
-149.7932
-149.2760
-148.7501
-148.2155
-147.6723
-147.1206
-146.5603
-145.9917
-145.4146
-144.8293
-144.2357
-143.6339
-143.0241
-142.4061
-141.7802
-141.1464
-140.5047
-139.8552
-139.1980
-138.5332
-137.8608
-137.1808
-136.4934
-135.7986
-135.0966
-134.3872
-133.6708
-132.9472
-132.2166
-131.4791
-130.7346
-129.9834
-129.2255
-128.4609
-127.6897
-126.9120
-126.1278
-125.3373
-124.5406
-123.7376
-122.9285
-122.1134
-121.2923
-120.4652
-119.6324
-118.7938
-117.9496
-117.0998
-116.2445
-115.3837
-114.5177
-113.6463
-112.7698
-111.8882
-111.0015
-110.1099
-109.2135
-108.3123
-107.4064
-106.4959
-105.5808
-104.6613
-103.7374
-102.8093
-101.8769
-100.9405
-100.0000
-99.0556
-98.1073
-97.1552
-96.1994
-95.2400
-94.2771
-93.3107
-92.3410
-91.3680
-90.3918
-89.4126
-88.4303
-87.4450
-86.4569
-85.4661
-84.4725
-83.4764
-82.4778
-81.4767
-80.4733
-79.4677
-78.4599
-77.4500
-76.4381
-75.4243
-74.4087
-73.3913
-72.3723
-71.3517
-70.3296
-69.3061
-68.2813
-67.2553
-66.2282
-65.1999
-64.1707
-63.1406
-62.1097
-61.0781
-60.0459
-59.0130
-57.9798
-56.9461
-55.9121
-54.8779
-53.8436
-52.8092
-51.7749
-50.7406
-49.7066
-48.6728
-47.6394
-46.6065
-45.5740
-44.5422
-43.5111
-42.4807
-41.4512
-40.4226
-39.3950
-38.3685
-37.3431
-36.3190
-35.2963
-34.2749
-33.2551
-32.2368
-31.2201
-30.2052
-29.1920
-28.1807
-27.1714
-26.1641
-25.1589
-24.1558
-23.1551
-22.1566
-21.1606
-20.1670
-19.1760
-18.1875
-17.2018
-16.2189
-15.2388
-14.2616
-13.2874
-12.3162
-11.3481
-10.3833
-9.4217
-8.4634
-7.5086
-6.5572
-5.6093
-4.6650
-3.7244
-2.7875
-1.8545
-0.9253
0.0000
0.9213
1.8385
2.7516
3.6606
4.5652
5.4656
6.3616
7.2532
8.1403
9.0229
9.9008
10.7741
11.6427
12.5065
13.3655
14.2195
15.0687
15.9128
16.7519
17.5858
18.4147
19.2383
20.0566
20.8696
21.6773
22.4795
23.2763
24.0676
24.8533
25.6334
26.4078
27.1765
27.9395
28.6967
29.4481
30.1936
30.9332
31.6668
32.3944
33.1159
33.8314
34.5407
35.2439
35.9409
36.6316
37.3160
37.9942
38.6659
39.3313
39.9903
40.6428
41.2889
41.9284
42.5614
43.1878
43.8075
44.4207
45.0272
45.6269
46.2200
46.8063
47.3858
47.9586
48.5245
49.0835
49.6357
50.1810
50.7194
51.2508
51.7753
52.2928
52.8033
53.3068
53.8033
54.2927
54.7750
55.2503
55.7185
56.1796
56.6335
57.0804
57.5201
57.9526
58.3780
58.7961
59.2072
59.6110
60.0076
60.3970
60.7792
61.1542
61.5220
61.8825
62.2359
62.5819
62.9208
63.2524
63.5768
63.8940
64.2040
64.5067
64.8021
65.0904
65.3715
65.6453
65.9119
66.1713
66.4236
66.6686
66.9065
67.1372
67.3607
67.5771
67.7863
67.9884
68.1834
68.3713
68.5521
68.7259
68.8925
69.0522
69.2048
69.3504
69.4889
69.6206
69.7452
69.8630
69.9738
70.0777
70.1747
70.2649
70.3483
70.4248
70.4946
70.5576
70.6139
70.6635
70.7064
70.7426
70.7723
70.7953
70.8118
70.8217
70.8251
70.8220
70.8125
70.7966
70.7743
70.7456
70.7107
70.6694
70.6219
70.5682
70.5083
70.4423
70.3702
70.2920
70.2078
70.1176
70.0215
69.9194
69.8115
69.6977
69.5781
69.4529
69.3219
69.1852
69.0429
68.8951
68.7417
68.5828
68.4185
68.2487
68.0737
67.8933
67.7077
67.5168
67.3208
67.1197
66.9135
66.7023
66.4861
66.2650
66.0390
65.8082
65.5727
65.3324
65.0875
64.8379
64.5838
64.3251
64.0621
63.7946
63.5227
63.2466
62.9662
62.6817
62.3930
62.1002
61.8034
61.5026
61.1980
60.8895
60.5771
60.2611
59.9414
59.6180
59.2911
58.9607
58.6268
58.2895
57.9489
57.6050
57.2579
56.9077
56.5544
56.1980
55.8386
55.4764
55.1113
54.7433
54.3727
53.9994
53.6234
53.2450
52.8640
52.4806
52.0948
51.7068
51.3164
50.9240
50.5293
50.1327
49.7340
49.3334
48.9309
48.5267
48.1207
47.7129
47.3036
46.8927
46.4804
46.0666
45.6514
45.2349
44.8172
44.3983
43.9782
43.5572
43.1351
42.7121
42.2882
41.8635
41.4381
41.0120
40.5853
40.1580
39.7302
39.3020
38.8734
38.4445
38.0154
37.5861
37.1566
36.7272
36.2977
35.8682
35.4389
35.0098
34.5809
34.1523
33.7241
33.2964
32.8691
32.4423
32.0162
31.5907
31.1660
30.7420
30.3189
29.8967
29.4755
29.0553
28.6361
28.2181
27.8013
27.3858
26.9715
26.5586
26.1472
25.7372
25.3288
24.9219
24.5167
24.1132
23.7115
23.3115
22.9135
22.5173
22.1232
21.7310
21.3410
20.9530
20.5673
20.1838
19.8026
19.4237
19.0472
18.6732
18.3016
17.9326
17.5662
17.2024
16.8413
16.4829
16.1273
15.7746
15.4247
15.0778
14.7338
14.3928
14.0549
13.7202
13.3885
13.0601
12.7348
12.4129
12.0943
11.7790
11.4672
11.1588
10.8539
10.5525
10.2547
9.9605
9.6699
9.3830
9.0999
8.8205
8.5449
8.2731
8.0052
7.7411
7.4810
7.2249
6.9728
6.7247
6.4807
6.2408
6.0050
5.7734
5.5459
5.3227
5.1037
4.8890
4.6786
4.4726
4.2709
4.0736
3.8807
3.6922
3.5082
3.3287
3.1536
2.9831
2.8172
2.6558
2.4991
2.3469
2.1994
2.0565
1.9183
1.7847
1.6559
1.5318
1.4125
1.2979
1.1881
1.0830
0.9827
0.8873
0.7967
0.7109
0.6299
0.5538
0.4826
0.4162
0.3548
0.2982
0.2465
0.1997
0.1578
0.1208
0.0888
0.0617
0.0395
0.0222
0.0099
0.0025
0.0000
0.0025
0.0099
0.0222
0.0395
0.0617
0.0888
0.1208
0.1578
0.1997
0.2465
0.2982
0.3548
0.4162
0.4826
0.5538
0.6299
0.7109
0.7967
0.8873
0.9827
1.0830
1.1881
1.2979
1.4125
1.5318
1.6559
1.7847
1.9183
2.0565
2.1994
2.3469
2.4991
2.6558
2.8172
2.9831
3.1536
3.3287
3.5082
3.6922
3.8807
4.0736
4.2709
4.4726
4.6786
4.8890
5.1037
5.3227
5.5459
5.7734
6.0050
6.2408
6.4807
6.7247
6.9728
7.2249
7.4810
7.7411
8.0052
8.2731
8.5449
8.8205
9.0999
9.3830
9.6699
9.9605
10.2547
10.5525
10.8539
11.1588
11.4672
11.7790
12.0943
12.4129
12.7348
13.0601
13.3885
13.7202
14.0549
14.3928
14.7338
15.0778
15.4247
15.7746
16.1273
16.4829
16.8413
17.2024
17.5662
17.9326
18.3016
18.6732
19.0472
19.4237
19.8026
20.1838
20.5673
20.9530
21.3410
21.7310
22.1232
22.5173
22.9135
23.3115
23.7115
24.1132
24.5167
24.9219
25.3288
25.7372
26.1472
26.5586
26.9715
27.3858
27.8013
28.2181
28.6361
29.0553
29.4755
29.8967
30.3189
30.7420
31.1660
31.5907
32.0162
32.4423
32.8691
33.2964
33.7241
34.1523
34.5809
35.0098
35.4389
35.8682
36.2977
36.7272
37.1566
37.5861
38.0154
38.4445
38.8734
39.3020
39.7302
40.1580
40.5853
41.0120
41.4381
41.8635
42.2882
42.7121
43.1351
43.5572
43.9782
44.3983
44.8172
45.2349
45.6514
46.0666
46.4804
46.8927
47.3036
47.7129
48.1207
48.5267
48.9309
49.3334
49.7340
50.1327
50.5293
50.9240
51.3164
51.7068
52.0948
52.4806
52.8640
53.2450
53.6234
53.9994
54.3727
54.7433
55.1113
55.4764
55.8386
56.1980
56.5544
56.9077
57.2579
57.6050
57.9489
58.2895
58.6268
58.9607
59.2911
59.6180
59.9414
60.2611
60.5771
60.8895
61.1980
61.5026
61.8034
62.1002
62.3930
62.6817
62.9662
63.2466
63.5227
63.7946
64.0621
64.3251
64.5838
64.8379
65.0875
65.3324
65.5727
65.8082
66.0390
66.2650
66.4861
66.7023
66.9135
67.1197
67.3208
67.5168
67.7077
67.8933
68.0737
68.2487
68.4185
68.5828
68.7417
68.8951
69.0429
69.1852
69.3219
69.4529
69.5781
69.6977
69.8115
69.9194
70.0215
70.1176
70.2078
70.2920
70.3702
70.4423
70.5083
70.5682
70.6219
70.6694
70.7107
70.7456
70.7743
70.7966
70.8125
70.8220
70.8251
70.8217
70.8118
70.7953
70.7723
70.7426
70.7064
70.6635
70.6139
70.5576
70.4946
70.4248
70.3483
70.2649
70.1747
70.0777
69.9738
69.8630
69.7452
69.6206
69.4889
69.3504
69.2048
69.0522
68.8925
68.7259
68.5521
68.3713
68.1834
67.9884
67.7863
67.5771
67.3607
67.1372
66.9065
66.6686
66.4236
66.1713
65.9119
65.6453
65.3715
65.0904
64.8021
64.5067
64.2040
63.8940
63.5768
63.2524
62.9208
62.5819
62.2359
61.8825
61.5220
61.1542
60.7792
60.3970
60.0076
59.6110
59.2072
58.7961
58.3780
57.9526
57.5201
57.0804
56.6335
56.1796
55.7185
55.2503
54.7750
54.2927
53.8033
53.3068
52.8033
52.2928
51.7753
51.2508
50.7194
50.1810
49.6357
49.0835
48.5245
47.9586
47.3858
46.8063
46.2200
45.6269
45.0272
44.4207
43.8075
43.1878
42.5614
41.9284
41.2889
40.6428
39.9903
39.3313
38.6659
37.9942
37.3160
36.6316
35.9409
35.2439
34.5407
33.8314
33.1159
32.3944
31.6668
30.9332
30.1936
29.4481
28.6967
27.9395
27.1765
26.4078
25.6334
24.8533
24.0676
23.2763
22.4795
21.6773
20.8696
20.0566
19.2383
18.4147
17.5858
16.7519
15.9128
15.0687
14.2195
13.3655
12.5065
11.6427
10.7741
9.9008
9.0229
8.1403
7.2532
6.3616
5.4656
4.5652
3.6606
2.7516
1.8385
0.9213
0.0000
-0.9253
-1.8545
-2.7875
-3.7244
-4.6650
-5.6093
-6.5572
-7.5086
-8.4634
-9.4217
-10.3833
-11.3481
-12.3162
-13.2874
-14.2616
-15.2388
-16.2189
-17.2018
-18.1875
-19.1760
-20.1670
-21.1606
-22.1566
-23.1551
-24.1558
-25.1589
-26.1641
-27.1714
-28.1807
-29.1920
-30.2052
-31.2201
-32.2368
-33.2551
-34.2749
-35.2963
-36.3190
-37.3431
-38.3685
-39.3950
-40.4226
-41.4512
-42.4807
-43.5111
-44.5422
-45.5740
-46.6065
-47.6394
-48.6728
-49.7066
-50.7406
-51.7749
-52.8092
-53.8436
-54.8779
-55.9121
-56.9461
-57.9798
-59.0130
-60.0459
-61.0781
-62.1097
-63.1406
-64.1707
-65.1999
-66.2282
-67.2553
-68.2813
-69.3061
-70.3296
-71.3517
-72.3723
-73.3913
-74.4087
-75.4243
-76.4381
-77.4500
-78.4599
-79.4677
-80.4733
-81.4767
-82.4778
-83.4764
-84.4725
-85.4661
-86.4569
-87.4450
-88.4303
-89.4126
-90.3918
-91.3680
-92.3410
-93.3107
-94.2771
-95.2400
-96.1994
-97.1552
-98.1073
-99.0556
-100.0000
-100.9405
-101.8769
-102.8093
-103.7374
-104.6613
-105.5808
-106.4959
-107.4064
-108.3123
-109.2135
-110.1099
-111.0015
-111.8882
-112.7698
-113.6463
-114.5177
-115.3837
-116.2445
-117.0998
-117.9496
-118.7938
-119.6324
-120.4652
-121.2923
-122.1134
-122.9285
-123.7376
-124.5406
-125.3373
-126.1278
-126.9120
-127.6897
-128.4609
-129.2255
-129.9834
-130.7346
-131.4791
-132.2166
-132.9472
-133.6708
-134.3872
-135.0966
-135.7986
-136.4934
-137.1808
-137.8608
-138.5332
-139.1980
-139.8552
-140.5047
-141.1464
-141.7802
-142.4061
-143.0241
-143.6339
-144.2357
-144.8293
-145.4146
-145.9917
-146.5603
-147.1206
-147.6723
-148.2155
-148.7501
-149.2760
-149.7932
-150.3016
-150.8011
-151.2917
-151.7734
-152.2461
-152.7097
-153.1641
-153.6094
-154.0455
-154.4722
-154.8896
-155.2977
-155.6963
-156.0854
-156.4649
-156.8349
-157.1953
-157.5459
-157.8868
-158.2180
-158.5393
-158.8508
-159.1523
-159.4439
-159.7255
-159.9971
-160.2585
-160.5099
-160.7511
-160.9821
-161.2029
-161.4134
-161.6136
-161.8034
-161.9829
-162.1519
-162.3105
-162.4586
-162.5962
-162.7233
-162.8398
-162.9457
-163.0409
-163.1255
-163.1994
-163.2626
-163.3151
-163.3568
-163.3877
-163.4078
-163.4170
-163.4154
-163.4029
-163.3796
-163.3453
-163.3001
-163.2439
-163.1768
-163.0986
-163.0095
-162.9094
-162.7982
-162.6760
-162.5428
-162.3985
-162.2431
-162.0767
-161.8991
-161.7105
-161.5108
-161.2999
-161.0780
-160.8449
-160.6007
-160.3454
-160.0790
-159.8014
-159.5128
-159.2130
-158.9021
-158.5801
-158.2469
-157.9027
-157.5474
-157.1809
-156.8034
-156.4148
-156.0152
-155.6044
-155.1827
-154.7499
-154.3060
-153.8512
-153.3854
-152.9085
-152.4208
-151.9220
-151.4124
-150.8918
-150.3603
-149.8180
-149.2648
-148.7008
-148.1260
-147.5404
-146.9441
-146.3370
-145.7192
-145.0908
-144.4517
-143.8020
-143.1417
-142.4708
-141.7894
-141.0975
-140.3952
-139.6824
-138.9592
-138.2257
-137.4819
-136.7278
-135.9634
-135.1889
-134.4041
-133.6093
-132.8044
-131.9894
-131.1644
-130.3295
-129.4847
-128.6301
-127.7656
-126.8913
-126.0074
-125.1137
-124.2105
-123.2976
-122.3753
-121.4435
-120.5023
-119.5517
-118.5919
-117.6228
-116.6445
-115.6570
-114.6605
-113.6550
-112.6405
-111.6171
-110.5849
-109.5438
-108.4941
-107.4358
-106.3688
-105.2933
-104.2094
-103.1170
-102.0164
-100.9075
-99.7904
-98.6651
-97.5318
-96.3906
-95.2414
-94.0844
-92.9196
-91.7471
-90.5670
-89.3793
-88.1842
-86.9816
-85.7718
-84.5547
-83.3304
-82.0990
-80.8606
-79.6153
-78.3631
-77.1042
-75.8385
-74.5663
-73.2875
-72.0023
-70.7107
-69.4128
-68.1087
-66.7985
-65.4823
-64.1602
-62.8322
-61.4984
-60.1589
-58.8139
-57.4633
-56.1074
-54.7461
-53.3796
-52.0079
-50.6312
-49.2495
-47.8630
-46.4716
-45.0756
-43.6750
-42.2699
-40.8604
-39.4466
-38.0286
-36.6064
-35.1802
-33.7501
-32.3162
-30.8785
-29.4372
-27.9924
-26.5441
-25.0925
-23.6376
-22.1796
-20.7185
-19.2545
-17.7877
-16.3181
-14.8458
-13.3710
-11.8938
-10.4142
-8.9323
-7.4484
-5.9624
-4.4744
-2.9846
-1.4931
-0.0000
1.4947
2.9907
4.4881
5.9868
7.4865
8.9872
10.4889
11.9913
13.4944
14.9981
16.5023
18.0069
19.5118
21.0168
22.5219
24.0269
25.5318
27.0365
28.5408
30.0446
31.5479
33.0505
34.5523
36.0532
37.5531
39.0520
40.5496
42.0460
43.5409
45.0343
46.5261
48.0161
49.5044
50.9906
52.4749
53.9570
55.4368
56.9143
58.3893
59.8617
61.3315
62.7985
64.2626
65.7237
67.1818
68.6366
70.0882
71.5363
72.9809
74.4220
75.8593
77.2928
78.7224
80.1480
81.5694
82.9867
84.3996
85.8081
87.2120
88.6114
90.0060
91.3958
92.7807
94.1605
95.5352
96.9047
98.2689
99.6276
100.9809
102.3285
103.6704
105.0065
106.3367
107.6609
108.9790
110.2909
111.5966
112.8958
114.1886
115.4748
116.7543
118.0271
119.2931
120.5521
121.8041
123.0490
124.2866
125.5170
126.7400
127.9555
129.1634
130.3637
131.5562
132.7410
133.9178
135.0866
136.2473
137.3999
138.5442
139.6802
140.8078
141.9269
143.0374
144.1392
145.2323
146.3166
147.3920
148.4584
149.5158
150.5640
151.6030
152.6327
153.6531
154.6640
155.6655
156.6573
157.6395
158.6120
159.5747
160.5275
161.4704
162.4033
163.3261
164.2388
165.1412
166.0334
166.9153
167.7868
168.6477
169.4982
170.3381
171.1673
171.9858
172.7935
173.5904
174.3764
175.1515
175.9156
176.6686
177.4104
178.1412
178.8606
179.5688
180.2657
180.9512
181.6253
182.2879
182.9390
183.5784
184.2063
184.8225
185.4270
186.0197
186.6006
187.1697
187.7269
188.2721
188.8054
189.3267
189.8360
190.3331
190.8182
191.2910
191.7517
192.2002
192.6364
193.0604
193.4720
193.8712
194.2581
194.6326
194.9946
195.3442
195.6813
196.0058
196.3179
196.6173
196.9042
197.1785
197.4402
197.6892
197.9256
198.1493
198.3603
198.5586
198.7441
198.9169
199.0770
199.2243
199.3589
199.4806
199.5896
199.6857
199.7691
199.8396
199.8974
199.9423
199.9743
199.9936
